      dNch/deta       Tch[MeV]      dVdy[fm3]        Vc[fm3]         gammaS           K/pi          Xi/pi         phi/pi           p/pi       Omega/pi          La/pi          K*/pi  omega(782)/pi         K*0/K-         f0/K*0         f0/pi+
              3       0.173144            7.2           21.6       0.762394       0.132959     0.00234682      0.0190794      0.0584602    0.000183553      0.0261164      0.0447741       0.134179       0.331795       0.186233     0.00821569
        3.20365       0.172973        7.68877        23.0663       0.763213       0.134244     0.00247249      0.0189325        0.05978    0.000199837      0.0268639      0.0452161       0.133168       0.331871       0.183131     0.00815879
        3.42113       0.172802        8.21072        24.6322       0.764084       0.135414     0.00259532      0.0188018      0.0609965    0.000216597      0.0275584      0.0456107       0.132234        0.33188       0.180432     0.00810883
        3.65337       0.172631         8.7681        26.3043       0.765011        0.13648     0.00271462      0.0186861      0.0621096    0.000233728      0.0281994      0.0459628       0.131371       0.331833       0.178088     0.00806533
        3.90138       0.172461        9.36332          28.09       0.765997       0.137455     0.00282986      0.0185842      0.0631211    0.000251128      0.0287878      0.0462776       0.130573       0.331739       0.176052     0.00802781
        4.16623        0.17229        9.99894        29.9968       0.767045        0.13835     0.00294065      0.0184953      0.0640346    0.000268697      0.0293256      0.0465601       0.129832       0.331606       0.174287     0.00799586
        4.44905       0.172119        10.6777        32.0332       0.768159       0.139176     0.00304673      0.0184183      0.0648548    0.000286339      0.0298154       0.046815       0.129144       0.331441       0.172758     0.00796911
        4.75107       0.171948        11.4026        34.2077       0.769342       0.139946     0.00314801      0.0183525      0.0655875    0.000303968      0.0302607      0.0470466       0.128504       0.331249       0.171435     0.00794721
         5.0736       0.171777        12.1766        36.5299         0.7706       0.140668     0.00324449      0.0182971      0.0662389     0.00032151      0.0306649      0.0472589       0.127905       0.331034       0.170293     0.00792987
        5.41802       0.171607        13.0032        39.0097       0.771935       0.141351     0.00333628      0.0182517      0.0668157      0.0003389       0.031032      0.0474551       0.127344       0.330801       0.169311     0.00791684
        5.78582       0.171436         13.886        41.6579       0.773352       0.142003     0.00342357      0.0182155      0.0673243    0.000356086      0.0313658      0.0476382       0.126818       0.330552        0.16847     0.00790788
        6.17858       0.171265        14.8286        44.4858       0.774856       0.142629     0.00350661      0.0181883      0.0677712    0.000373027      0.0316698      0.0478106       0.126321       0.330289       0.167757     0.00790282
        6.59801       0.171094        15.8352        47.5057       0.776451       0.143235     0.00358566      0.0181695      0.0681623    0.000389696      0.0319474      0.0479743       0.125851       0.330015       0.167158     0.00790151
        7.04592       0.170924        16.9102        50.7306       0.778142       0.143826     0.00366104       0.018159      0.0685031    0.000406073       0.032202      0.0481311       0.125405       0.329729       0.166664     0.00790382
        7.52423       0.170753        18.0581        54.1744       0.779933       0.144407     0.00373305      0.0181564      0.0687985     0.00042215      0.0324363      0.0482825        0.12498       0.329434       0.166266     0.00790966
        8.03501       0.170582         19.284         57.852        0.78183        0.14498     0.00380202      0.0181616      0.0690529    0.000437924      0.0326529      0.0484298       0.124574       0.329129       0.165957     0.00791897
        8.58046       0.170411        20.5931        61.7793       0.783838       0.145548     0.00386824      0.0181745      0.0692703    0.000453403      0.0328541      0.0485742       0.124185       0.328816       0.165731     0.00793169
        9.16294       0.170241        21.9911        65.9732       0.785961       0.146116     0.00393201       0.018195       0.069454    0.000468597      0.0330419      0.0487165       0.123812       0.328496       0.165585     0.00794779
        9.78496        0.17007        23.4839        70.4517       0.788206       0.146684     0.00399362       0.018223       0.069607    0.000483525      0.0332182      0.0488579       0.123452       0.328168       0.165513     0.00796728
        10.4492       0.169899        25.0781        75.2343       0.790577       0.147256     0.00405333      0.0182585      0.0697319    0.000498206      0.0333845       0.048999       0.123103       0.327832       0.165512     0.00799014
        11.1586       0.169728        26.7805        80.3416        0.79308       0.147834      0.0041114      0.0183016       0.069831    0.000512666      0.0335422      0.0491407       0.122766        0.32749        0.16558     0.00801641
         11.916       0.169557        28.5985        85.7955        0.79572        0.14842     0.00416807      0.0183523      0.0699063     0.00052693      0.0336926      0.0492835       0.122438       0.327141       0.165713     0.00804609
         12.725       0.169387        30.5399        91.6197       0.798501       0.149016     0.00422358      0.0184105      0.0699595    0.000541027      0.0338368      0.0494282       0.122119       0.326785       0.165911     0.00807923
        13.5888       0.169216        32.6131        97.8393        0.80143       0.149623     0.00427813      0.0184765      0.0699923    0.000554989      0.0339758      0.0495753       0.121807       0.326423       0.166172     0.00811587
        14.5113       0.169045         34.827        104.481        0.80451       0.150243     0.00433194      0.0185503      0.0700061    0.000568845      0.0341106      0.0497254       0.121501       0.326054       0.166493     0.00815605
        15.4964       0.168874        37.1912        111.574       0.807747       0.150877     0.00438519      0.0186319      0.0700021    0.000582628       0.034242      0.0498788       0.121202       0.325679       0.166874     0.00819981
        16.5483       0.168704         39.716        119.148       0.811145       0.151528     0.00443806      0.0187214      0.0699815     0.00059637      0.0343706      0.0500361       0.120907       0.325298       0.167314      0.0082472
        17.6717       0.168533        42.4121        127.236       0.814707       0.152196     0.00449072       0.018819      0.0699453    0.000610101      0.0344972      0.0501977       0.120617       0.324911       0.167811     0.00829827
        18.8713       0.168362        45.2912        135.874       0.818436       0.152882     0.00454331      0.0189246      0.0698945    0.000623852      0.0346223      0.0503638       0.120331       0.324518       0.168365     0.00835306
        20.1524       0.168191        48.3658        145.097       0.822336       0.153587     0.00459599      0.0190385      0.0698301    0.000637653      0.0347465      0.0505347       0.120047       0.324118       0.168974      0.0084116
        21.5204       0.168021        51.6491        154.947       0.826408       0.154312     0.00464888      0.0191605      0.0697527    0.000651532      0.0348701      0.0507107       0.119767       0.323713       0.169638     0.00847392
        22.9813        0.16785        55.1552        165.466       0.830654       0.155058     0.00470207      0.0192907      0.0696633    0.000665514      0.0349936      0.0508918       0.119488       0.323302       0.170356     0.00854004
        24.5414       0.167679        58.8994        176.698       0.835073       0.155825     0.00475568      0.0194291      0.0695625    0.000679622      0.0351172      0.0510783       0.119212       0.322884       0.171127     0.00860996
        26.2074       0.167508        62.8978        188.693       0.839665       0.156612     0.00480976      0.0195757      0.0694509    0.000693877      0.0352412      0.0512702       0.118937       0.322461       0.171949     0.00868366
        27.9865       0.167338        67.1676        201.503       0.844427       0.157421     0.00486439      0.0197303      0.0693293    0.000708295      0.0353657      0.0514673       0.118663       0.322032       0.172822     0.00876112
        29.8863       0.167167        71.7272        215.182       0.849357        0.15825     0.00491959      0.0198928      0.0691983     0.00072289      0.0354908      0.0516696        0.11839       0.321598       0.173743     0.00884227
        31.9152       0.166996        76.5964        229.789       0.854449         0.1591     0.00497539       0.020063      0.0690584    0.000737669      0.0356166      0.0518768       0.118118       0.321157       0.174711     0.00892704
        34.0817       0.166825        81.7961        245.388       0.859697       0.159969     0.00503178      0.0202407      0.0689102    0.000752636      0.0357429      0.0520888       0.117847       0.320712       0.175723      0.0090153
        36.3953       0.166654        87.3488        262.046       0.865092       0.160856     0.00508872      0.0204255      0.0687543    0.000767788      0.0358696      0.0523051       0.117577       0.320261       0.176779     0.00910693
         38.866       0.166484        93.2785        279.835       0.870625        0.16176     0.00514617      0.0206169      0.0685911    0.000783117      0.0359965      0.0525252       0.117307       0.319806       0.177874     0.00920173
        41.5044       0.166313        99.6106        298.832       0.876283       0.162679     0.00520404      0.0208146      0.0684212    0.000798607      0.0361233      0.0527487       0.117038       0.319346       0.179005     0.00929949
        44.3219       0.166142        106.373        319.118       0.882052       0.163611     0.00526223      0.0210179      0.0682452    0.000814237      0.0362496      0.0529747        0.11677       0.318881       0.180171     0.00939995
        47.3307       0.165971        113.594        340.781       0.887916       0.164554     0.00532059      0.0212261      0.0680635    0.000829976       0.036375      0.0532027       0.116503       0.318413       0.181365     0.00950281
        50.5438       0.165801        121.305        363.915       0.893857       0.165504     0.00537897      0.0214385      0.0678767    0.000845786      0.0364989      0.0534316       0.116237       0.317941       0.182585      0.0096077
        53.9749        0.16563         129.54        388.619       0.899854       0.166459     0.00543716      0.0216542      0.0676853    0.000861621      0.0366206      0.0536607       0.115972       0.317466       0.183826     0.00971424
         57.639       0.165459        138.334        415.001       0.905884       0.167415     0.00549496      0.0218721      0.0674897    0.000877427      0.0367397      0.0538887        0.11571       0.316988       0.185081     0.00982199
        61.5518       0.165288        147.724        443.173       0.911923       0.168369     0.00555211      0.0220913      0.0672904    0.000893142      0.0368552      0.0541148       0.115449       0.316508       0.186348     0.00993045
        65.7302       0.165118        157.752        473.257       0.917945       0.169316     0.00560834      0.0223106      0.0670881    0.000908694      0.0369664      0.0543375       0.115192       0.316026       0.187618      0.0100391
        70.1922       0.164947        168.461        505.384       0.923922       0.170252     0.00566336      0.0225286      0.0668831    0.000924008      0.0370724      0.0545558       0.114937       0.315544       0.188886      0.0101474
        74.9572       0.164776        179.897        539.692       0.929824       0.171174     0.00571687      0.0227442       0.066676    0.000938999      0.0371725      0.0547683       0.114686       0.315061       0.190147      0.0102547
        80.0457       0.164605         192.11        576.329       0.935623       0.172076     0.00576853      0.0229559      0.0664672    0.000953579      0.0372657      0.0549738       0.114438       0.314579       0.191392      0.0103603
        85.4795       0.164434        205.151        615.453       0.941287       0.172953     0.00581803      0.0231624      0.0662572    0.000967656      0.0373512      0.0551708       0.114196       0.314098       0.192617      0.0104637
        91.2823       0.164264        219.077        657.232       0.946787       0.173802     0.00586503      0.0233622      0.0660464    0.000981135       0.037428      0.0553582       0.113958       0.313618       0.193813      0.0105643
        97.4789       0.164093        233.949        701.848       0.952092       0.174618     0.00590921       0.023554      0.0658354    0.000993922      0.0374954      0.0555346       0.113726       0.313141       0.194975      0.0106612
        104.096       0.163922        249.831        749.493       0.957175       0.175396     0.00595026      0.0237365      0.0656244     0.00100593      0.0375526      0.0556989       0.113499       0.312667       0.196096       0.010754
        111.163       0.163751        266.791        800.372       0.962009       0.176133     0.00598789      0.0239083      0.0654138     0.00101706      0.0375988      0.0558501       0.113279       0.312196        0.19717       0.010842
        118.709       0.163581        284.902        854.705        0.96657       0.176826     0.00602185      0.0240683       0.065204     0.00102725      0.0376336       0.055987       0.113065        0.31173       0.198193      0.0109248
        126.768        0.16341        304.242        912.726       0.970838        0.17747     0.00605191      0.0242155      0.0649953     0.00103642      0.0376563       0.056109       0.112858       0.311268        0.19916      0.0110017
        135.373       0.163239        324.895        974.686       0.974796       0.178064     0.00607791       0.024349      0.0647878     0.00104452      0.0376666      0.0562154       0.112658        0.31081       0.200066      0.0110725
        144.563       0.163068        346.951        1040.85       0.978431       0.178606     0.00609972      0.0244683      0.0645819      0.0010515      0.0376644      0.0563058       0.112466       0.310358       0.200909      0.0111368
        154.376       0.162898        370.504        1111.51       0.981736       0.179095     0.00611728       0.024573      0.0643775     0.00105734      0.0376495        0.05638        0.11228       0.309911       0.201687      0.0111944
        164.856       0.162727        395.655        1186.97       0.984709        0.17953     0.00613059      0.0246627      0.0641749     0.00106204      0.0376222      0.0564379       0.112102        0.30947         0.2024      0.0112452
        176.047       0.162556        422.514        1267.54       0.987351       0.179913     0.00613971      0.0247377       0.063974     0.00106559      0.0375825      0.0564798        0.11193       0.309034       0.203047      0.0112892
        187.998       0.162385        451.196        1353.59        0.98967       0.180244     0.00614476      0.0247982      0.0637748     0.00106804       0.037531      0.0565062       0.111765       0.308603       0.203629      0.0113266
        200.761       0.162215        481.825        1445.48       0.991679       0.180525     0.00614592      0.0248447      0.0635773     0.00106942      0.0374683      0.0565176       0.111607       0.308177        0.20415      0.0113576
        214.389       0.162044        514.534         1543.6       0.993396        0.18076     0.00614342       0.024878      0.0633813      0.0010698      0.0373951      0.0565151       0.111454       0.307755       0.204612      0.0113825
        228.943       0.161873        549.463        1648.39       0.994839       0.180951     0.00613752       0.024899      0.0631867     0.00106925      0.0373121      0.0564996       0.111307       0.307337       0.205019      0.0114018
        244.485       0.161702        586.763        1760.29       0.996034       0.181103     0.00612854      0.0249088      0.0629934     0.00106785      0.0372203      0.0564722       0.111164       0.306923       0.205377      0.0114158
        261.081       0.161531        626.595        1879.79       0.997007       0.181219      0.0061168      0.0249086       0.062801     0.00106569      0.0371207      0.0564342       0.111026       0.306513        0.20569      0.0114253
        278.805       0.161361        669.131        2007.39       0.997783       0.181304     0.00610264      0.0248995      0.0626096     0.00106287      0.0370142      0.0563868       0.110891       0.306104       0.205964      0.0114306
        297.731        0.16119        714.555        2143.66       0.998392       0.181362      0.0060864      0.0248828      0.0624187     0.00105948      0.0369017      0.0563313        0.11076       0.305698       0.206205      0.0114324
        317.943       0.161019        763.062        2289.19       0.998858       0.181397      0.0060684      0.0248596      0.0622283      0.0010556      0.0367842      0.0562689       0.110631       0.305293       0.206418      0.0114312
        339.526       0.160848        814.862        2444.59       0.999208       0.181412     0.00604893      0.0248312      0.0620381     0.00105133      0.0366625      0.0562008       0.110504       0.304889       0.206607      0.0114276
        362.575       0.160678        870.179        2610.54       0.999464       0.181413     0.00602829      0.0247984       0.061848     0.00104674      0.0365375       0.056128       0.110379       0.304486       0.206779       0.011422
        387.188       0.160507        929.251        2787.75       0.999647       0.181401      0.0060067      0.0247623      0.0616578     0.00104189      0.0364098      0.0560514       0.110254       0.304082       0.206936      0.0114148
        413.472       0.160336        992.333           2977       0.999774        0.18138     0.00598438      0.0247236      0.0614674     0.00103684        0.03628      0.0559718        0.11013       0.303679       0.207083      0.0114064
         441.54       0.160165         1059.7        3179.09       0.999859       0.181351     0.00596149       0.024683      0.0612767     0.00103163      0.0361485      0.0558898       0.110007       0.303274       0.207223      0.0113971
        471.514       0.159995        1131.63         3394.9       0.999915       0.181317     0.00593816      0.0246408      0.0610857     0.00102631      0.0360158      0.0558059       0.109883       0.302869       0.207358      0.0113871
        503.523       0.159824        1208.45        3625.36       0.999951       0.181278     0.00591451      0.0245976      0.0608943      0.0010209      0.0358821      0.0557206        0.10976       0.302463       0.207489      0.0113766
        537.704       0.159653        1290.49        3871.47       0.999972       0.181236      0.0058906      0.0245537      0.0607024     0.00101543      0.0357477      0.0556341       0.109636       0.302055       0.207619      0.0113658
        574.206       0.159482        1378.09        4134.28       0.999985       0.181192      0.0058665      0.0245091        0.06051      0.0010099      0.0356128      0.0555466       0.109511       0.301646       0.207748      0.0113546
        613.186       0.159311        1471.65        4414.94       0.999992       0.181145     0.00584225      0.0244642      0.0603172     0.00100433      0.0354774      0.0554582       0.109386       0.301236       0.207877      0.0113433
        654.812       0.159141        1571.55        4714.64       0.999996       0.181097     0.00581787      0.0244189       0.060124     0.00099873      0.0353416      0.0553691        0.10926       0.300824       0.208007      0.0113319
        699.263        0.15897        1678.23         5034.7       0.999998       0.181047     0.00579338      0.0243733      0.0599303      0.0009931      0.0352055      0.0552793       0.109133        0.30041       0.208137      0.0113202
        746.732       0.158799        1792.16        5376.47       0.999999       0.180996     0.00576879      0.0243274      0.0597361    0.000987446      0.0350691      0.0551888       0.109006       0.299995       0.208268      0.0113085
        797.424       0.158628        1913.82        5741.45              1       0.180943     0.00574412      0.0242814      0.0595416    0.000981773      0.0349325      0.0550977       0.108878       0.299578       0.208401      0.0112967
        851.557       0.158458        2043.74        6131.21              1       0.180889     0.00571938      0.0242351      0.0593466    0.000976082      0.0347956      0.0550059       0.108749        0.29916       0.208534      0.0112848
        909.365       0.158287        2182.47        6547.42              1       0.180834     0.00569457      0.0241885      0.0591513    0.000970379      0.0346586      0.0549136       0.108619        0.29874       0.208667      0.0112727
        971.096       0.158116        2330.63        6991.89              1       0.180777     0.00566971      0.0241418      0.0589556    0.000964666      0.0345214      0.0548207       0.108489       0.298319       0.208802      0.0112606
        1037.02       0.157945        2488.85        7466.54              1        0.18072     0.00564479      0.0240948      0.0587596    0.000958946       0.034384      0.0547272       0.108357       0.297897       0.208937      0.0112483
        1107.42       0.157775         2657.8         7973.4              1       0.180661     0.00561984      0.0240477      0.0585632    0.000953222      0.0342464      0.0546332       0.108225       0.297473       0.209073       0.011236
        1182.59       0.157604        2838.22        8514.67              1       0.180602     0.00559485      0.0240003      0.0583666      0.0009475      0.0341088      0.0545387       0.108092       0.297047        0.20921      0.0112235
        1262.87       0.157433         3030.9        9092.69              1       0.180541     0.00556983      0.0239527      0.0581696     0.00094178       0.033971      0.0544436       0.107958       0.296621       0.209347       0.011211
         1348.6       0.157262        3236.65        9709.94              1        0.18048      0.0055448      0.0239049      0.0579724    0.000936067      0.0338331      0.0543482       0.107824       0.296193       0.209484      0.0111983
        1440.15       0.157091        3456.36        10369.1              1       0.180418     0.00551975      0.0238569      0.0577749    0.000930363      0.0336951      0.0542522       0.107688       0.295763       0.209621      0.0111856
        1537.92       0.156921           3691          11073              1       0.180355      0.0054947      0.0238087      0.0575772     0.00092467      0.0335571      0.0541559       0.107552       0.295333       0.209759      0.0111728
        1642.32        0.15675        3941.56        11824.7              1       0.180291     0.00546964      0.0237603      0.0573793    0.000918989       0.033419      0.0540591       0.107415       0.294901       0.209897      0.0111598
        1753.81       0.156579        4209.13        12627.4              1       0.180227     0.00544459      0.0237117      0.0571812    0.000913322      0.0332808      0.0539619       0.107277       0.294467       0.210035      0.0111468
        1872.86       0.156408        4494.87        13484.6              1       0.180162     0.00541954      0.0236629      0.0569829    0.000907668      0.0331427      0.0538643       0.107138       0.294033       0.210174      0.0111337
           2000       0.156238           4800          14400              1       0.180097     0.00539449      0.0236139      0.0567844    0.000902028      0.0330045      0.0537664       0.106999       0.293597       0.210313      0.0111205
